 1581  #UTIL: 1172
 1581 6  #UTIL: 325
 1581 1513  #UTIL: 1460
 6  #UTIL: 616
 6 123  #UTIL: 767
 6 103  #UTIL: 570
 6 103 1227  #UTIL: 1231
 6 1227  #UTIL: 672
 6 1629 1496  #UTIL: 177
 6 1629 1496 1732  #UTIL: 255
 6 1629 1732  #UTIL: 99
 6 78  #UTIL: 98
 6 469  #UTIL: 559
 6 1626  #UTIL: 335
 6 1626 296  #UTIL: 716
 6 296  #UTIL: 423
 6 1496  #UTIL: 167
 6 1496 1732  #UTIL: 245
 6 1732  #UTIL: 89
 9  #UTIL: 1732
 9 103  #UTIL: 526
 9 103 18  #UTIL: 704
 9 103 18 987  #UTIL: 838
 9 103 987  #UTIL: 660
 9 618  #UTIL: 459
 9 1810  #UTIL: 76
 9 1415  #UTIL: 1163
 9 1469  #UTIL: 736
 9 18  #UTIL: 207
 9 18 987  #UTIL: 341
 9 987  #UTIL: 163
 9 553  #UTIL: 3633
 9 553 1322  #UTIL: 3651
 9 1322  #UTIL: 253
 123  #UTIL: 756
 2355  #UTIL: 851
 2355 1209  #UTIL: 2277
 2355 1209 2  #UTIL: 2334
 2355 2  #UTIL: 908
 1209  #UTIL: 2852
 1209 2  #UTIL: 1483
 2  #UTIL: 491
 2 2006  #UTIL: 159
 2 418  #UTIL: 316
 2 580  #UTIL: 258
 2 978  #UTIL: 207
 2 978 431  #UTIL: 388
 2 978 431 482  #UTIL: 775
 2 978 431 482 1614  #UTIL: 949
 2 978 431 1614  #UTIL: 562
 2 978 482  #UTIL: 594
 2 978 482 1614  #UTIL: 768
 2 978 1614  #UTIL: 381
 2 431  #UTIL: 194
 2 431 482  #UTIL: 581
 2 431 482 1614  #UTIL: 755
 2 431 1614  #UTIL: 368
 2 482  #UTIL: 400
 2 482 1614  #UTIL: 574
 2 1614  #UTIL: 187
 2 208  #UTIL: 1663
 2 1567  #UTIL: 273
 2 1567 1715  #UTIL: 311
 2 1567 1715 189  #UTIL: 380
 2 1567 189  #UTIL: 342
 2 1715  #UTIL: 51
 2 1715 189  #UTIL: 120
 2 189  #UTIL: 82
 34  #UTIL: 4700
 34 1599  #UTIL: 203
 34 56  #UTIL: 923
 34 103  #UTIL: 203
 34 1780  #UTIL: 298
 34 105  #UTIL: 593
 34 637  #UTIL: 890
 34 637 657  #UTIL: 1212
 34 637 657 25  #UTIL: 1644
 34 637 657 25 1753  #UTIL: 1884
 34 637 657 1753  #UTIL: 1452
 34 637 25  #UTIL: 1322
 34 637 25 1753  #UTIL: 1562
 34 637 1753  #UTIL: 1130
 34 657  #UTIL: 651
 34 657 25  #UTIL: 1083
 34 657 25 1753  #UTIL: 1323
 34 657 1753  #UTIL: 891
 34 25  #UTIL: 761
 34 25 1753  #UTIL: 1001
 34 1753  #UTIL: 569
 34 1678  #UTIL: 92
 34 1594  #UTIL: 62
 34 2492  #UTIL: 284
 34 2492 1767  #UTIL: 413
 34 1767  #UTIL: 364
 34 1449  #UTIL: 1139
 34 1584  #UTIL: 52
 1599  #UTIL: 187
 1599 32  #UTIL: 543
 1599 32 2006  #UTIL: 683
 1599 2006  #UTIL: 171
 32  #UTIL: 512
 32 2006  #UTIL: 652
 2006  #UTIL: 140
 4  #UTIL: 786
 4 171  #UTIL: 128
 4 171 1590  #UTIL: 159
 4 1590  #UTIL: 166
 4 1590 1973  #UTIL: 526
 4 443  #UTIL: 765
 4 443 38  #UTIL: 965
 4 443 38 143  #UTIL: 1700
 4 443 143  #UTIL: 1500
 4 38  #UTIL: 211
 4 38 143  #UTIL: 946
 4 143  #UTIL: 746
 4 1973  #UTIL: 465
 4 1630  #UTIL: 72
 4 418  #UTIL: 153
 4 1687  #UTIL: 51
 4 1687 342  #UTIL: 1345
 4 2499  #UTIL: 92
 4 2499 369  #UTIL: 1225
 4 369  #UTIL: 1144
 4 531  #UTIL: 496
 4 1360  #UTIL: 210
 4 342  #UTIL: 1326
 37  #UTIL: 11003
 37 535  #UTIL: 297
 37 1586  #UTIL: 1228
 37 2094  #UTIL: 979
 37 1353  #UTIL: 244
 37 1353 2095  #UTIL: 3203
 37 2095  #UTIL: 3159
 37 2085  #UTIL: 1586
 37 2085 2091  #UTIL: 2534
 37 2091  #UTIL: 1548
 37 1704  #UTIL: 807
 37 1359  #UTIL: 886
 37 619  #UTIL: 1420
 37 1661  #UTIL: 1406
 37 2072  #UTIL: 1541
 535  #UTIL: 774
 535 7  #UTIL: 698
 1223  #UTIL: 676
 1223 3  #UTIL: 683
 3  #UTIL: 569
 3 430  #UTIL: 272
 3 430 902  #UTIL: 294
 3 430 902 1070  #UTIL: 800
 3 430 902 1070 1430  #UTIL: 962
 3 430 902 1430  #UTIL: 456
 3 430 1070  #UTIL: 778
 3 430 1070 1430  #UTIL: 940
 3 430 1430  #UTIL: 434
 3 902 1070  #UTIL: 535
 3 902 1070 1430  #UTIL: 697
 3 902 1430  #UTIL: 191
 3 1070  #UTIL: 513
 3 1070 1430  #UTIL: 675
 3 1430  #UTIL: 169
 3 58  #UTIL: 236
 3 2105  #UTIL: 2973
 3 118  #UTIL: 174
 3 1601  #UTIL: 187
 3 1601 1500  #UTIL: 250
 3 1500  #UTIL: 77
 3 1613  #UTIL: 277
 3 2513  #UTIL: 529
 3 2513 1775  #UTIL: 613
 3 2513 1775 1673  #UTIL: 629
 3 2513 1775 1673 41  #UTIL: 754
 3 2513 1775 41  #UTIL: 738
 3 2513 1673  #UTIL: 545
 3 2513 1673 41  #UTIL: 670
 3 2513 41  #UTIL: 654
 3 1775  #UTIL: 91
 3 1775 1673  #UTIL: 107
 3 1775 1673 41  #UTIL: 232
 3 1775 41  #UTIL: 216
 3 1673 41  #UTIL: 148
 3 41  #UTIL: 132
 1216  #UTIL: 2679
 1216 1694  #UTIL: 2354
 1216 14  #UTIL: 419
 853  #UTIL: 154
 95  #UTIL: 99
 95 56  #UTIL: 693
 56  #UTIL: 1980
 56 418  #UTIL: 463
 406  #UTIL: 563
 406 1986  #UTIL: 700
 406 1986 1647  #UTIL: 797
 406 1986 1647 1604  #UTIL: 1145
 406 1986 1647 1604 171  #UTIL: 1252
 406 1986 1647 1604 171 1590  #UTIL: 1283
 406 1986 1647 1604 1590  #UTIL: 1176
 406 1986 1647 171  #UTIL: 904
 406 1986 1647 171 1590  #UTIL: 935
 406 1986 1647 1590  #UTIL: 828
 406 1986 1604  #UTIL: 1048
 406 1986 1604 171  #UTIL: 1155
 406 1986 1604 171 1590  #UTIL: 1186
 406 1986 1604 1590  #UTIL: 1079
 406 1986 171  #UTIL: 807
 406 1986 171 1590  #UTIL: 838
 406 1986 1590  #UTIL: 731
 406 1647  #UTIL: 660
 406 1647 1604  #UTIL: 1008
 406 1647 1604 171  #UTIL: 1115
 406 1647 1604 171 1590  #UTIL: 1146
 406 1647 1604 1590  #UTIL: 1039
 406 1647 171  #UTIL: 767
 406 1647 171 1590  #UTIL: 798
 406 1647 1590  #UTIL: 691
 406 1604  #UTIL: 911
 406 1604 171  #UTIL: 1018
 406 1604 171 1590  #UTIL: 1049
 406 1604 1590  #UTIL: 942
 406 171  #UTIL: 670
 406 171 1590  #UTIL: 701
 406 1590  #UTIL: 594
 1986  #UTIL: 480
 1986 1647  #UTIL: 234
 1986 1647 1604  #UTIL: 582
 1986 1647 1604 171  #UTIL: 689
 1986 1647 1604 171 1590  #UTIL: 720
 1986 1647 1604 1590  #UTIL: 613
 1986 1647 171  #UTIL: 341
 1986 1647 171 1590  #UTIL: 372
 1986 1647 1590  #UTIL: 265
 1986 1604  #UTIL: 485
 1986 1604 171  #UTIL: 592
 1986 1604 171 1590  #UTIL: 623
 1986 1604 1590  #UTIL: 516
 1986 171  #UTIL: 244
 1986 171 1590  #UTIL: 275
 1986 1590  #UTIL: 168
 1986 103  #UTIL: 467
 1986 103 1248  #UTIL: 492
 1986 8  #UTIL: 372
 1986 8 1248  #UTIL: 397
 1986 1776  #UTIL: 385
 1986 1776 1204  #UTIL: 3595
 1986 1776 1204 1248  #UTIL: 3620
 1986 1776 1248  #UTIL: 410
 1986 1204  #UTIL: 3553
 1986 1204 1248  #UTIL: 3578
 1986 1248  #UTIL: 368
 1647  #UTIL: 389
 1647 1604  #UTIL: 445
 1647 1604 171  #UTIL: 552
 1647 1604 171 1590  #UTIL: 583
 1647 1604 1590  #UTIL: 476
 1647 171  #UTIL: 204
 1647 171 1590  #UTIL: 235
 1647 1590  #UTIL: 128
 1647 1507  #UTIL: 1013
 1604  #UTIL: 348
 1604 171  #UTIL: 455
 1604 171 1590  #UTIL: 486
 1604 1590  #UTIL: 379
 171  #UTIL: 107
 171 1590  #UTIL: 138
 1590  #UTIL: 92
 1590 1973  #UTIL: 473
 1211  #UTIL: 918
 1211 1758  #UTIL: 968
 1211 1758 7  #UTIL: 1021
 1211 7  #UTIL: 971
 1758  #UTIL: 50
 1758 7  #UTIL: 103
 7  #UTIL: 1073
 7 1436  #UTIL: 492
 7 441  #UTIL: 1007
 7 441 1367  #UTIL: 766
 7 441 1367 130  #UTIL: 864
 7 441 130  #UTIL: 806
 7 1687  #UTIL: 64
 7 1687 440  #UTIL: 172
 7 1687 440 2507  #UTIL: 186
 7 1687 440 2507 432  #UTIL: 431
 7 1687 440 432  #UTIL: 417
 7 1687 2507  #UTIL: 78
 7 1687 2507 432  #UTIL: 323
 7 1687 432  #UTIL: 309
 7 440  #UTIL: 150
 7 440 2507  #UTIL: 164
 7 440 2507 432  #UTIL: 409
 7 440 432  #UTIL: 395
 7 2507  #UTIL: 56
 7 2507 432  #UTIL: 301
 7 432  #UTIL: 287
 7 11  #UTIL: 40
 7 487  #UTIL: 69
 7 487 455  #UTIL: 1298
 7 455  #UTIL: 1240
 7 2493  #UTIL: 123
 7 67  #UTIL: 110
 7 1367  #UTIL: 90
 7 1367 130  #UTIL: 188
 7 130  #UTIL: 130
 2458 150  #UTIL: 2387
 150  #UTIL: 2377
 17  #UTIL: 59
 14  #UTIL: 2520
 14 1660  #UTIL: 362
 14 1655  #UTIL: 2023
 14 693  #UTIL: 501
 14 2137  #UTIL: 164
 14 2137 104  #UTIL: 412
 14 104  #UTIL: 332
 14 532  #UTIL: 923
 14 532 44  #UTIL: 2051
 14 44  #UTIL: 1212
 14 1118  #UTIL: 1305
 14 1680  #UTIL: 129
 1660  #UTIL: 194
 175  #UTIL: 126
 175 187  #UTIL: 237
 175 187 2002  #UTIL: 345
 175 187 2002 1592  #UTIL: 384
 175 187 2002 1592 103  #UTIL: 943
 175 187 2002 1592 103 1227  #UTIL: 1604
 175 187 2002 1592 1227  #UTIL: 1045
 175 187 2002 103  #UTIL: 904
 175 187 2002 103 1227  #UTIL: 1565
 175 187 2002 1227  #UTIL: 1006
 175 187 1592  #UTIL: 276
 175 187 1592 103  #UTIL: 835
 175 187 1592 103 1227  #UTIL: 1496
 175 187 1592 1227  #UTIL: 937
 175 187 103  #UTIL: 796
 175 187 103 1227  #UTIL: 1457
 175 187 1227  #UTIL: 898
 175 2002  #UTIL: 171
 175 2002 1592  #UTIL: 210
 175 2002 1592 103  #UTIL: 769
 175 2002 1592 103 1227  #UTIL: 1430
 175 2002 1592 1227  #UTIL: 871
 175 2002 103  #UTIL: 730
 175 2002 103 1227  #UTIL: 1391
 175 2002 1227  #UTIL: 832
 175 1592  #UTIL: 102
 175 1592 103  #UTIL: 661
 175 1592 103 1227  #UTIL: 1322
 175 1592 1227  #UTIL: 763
 175 103  #UTIL: 622
 175 103 1227  #UTIL: 1283
 175 1227  #UTIL: 724
 187  #UTIL: 348
 187 2002  #UTIL: 282
 187 2002 1592  #UTIL: 321
 187 2002 1592 103  #UTIL: 880
 187 2002 1592 103 1227  #UTIL: 1541
 187 2002 1592 1227  #UTIL: 982
 187 2002 103  #UTIL: 841
 187 2002 103 1227  #UTIL: 1502
 187 2002 1227  #UTIL: 943
 187 1592  #UTIL: 213
 187 1592 103  #UTIL: 772
 187 1592 103 1227  #UTIL: 1433
 187 1592 1227  #UTIL: 874
 187 103  #UTIL: 733
 187 103 1227  #UTIL: 1394
 187 1227  #UTIL: 835
 187 847  #UTIL: 205
 2002  #UTIL: 108
 2002 1592  #UTIL: 147
 2002 1592 103  #UTIL: 706
 2002 1592 103 1227  #UTIL: 1367
 2002 1592 1227  #UTIL: 808
 2002 103  #UTIL: 667
 2002 103 1227  #UTIL: 1328
 2002 1227  #UTIL: 769
 1592  #UTIL: 58
 1592 103  #UTIL: 598
 1592 103 1227  #UTIL: 1259
 1592 1227  #UTIL: 700
 103  #UTIL: 1366
 103 1227  #UTIL: 1220
 103 503  #UTIL: 672
 103 503 67  #UTIL: 697
 103 67  #UTIL: 149
 103 18  #UTIL: 675
 103 18 987  #UTIL: 809
 103 987  #UTIL: 631
 103 1248  #UTIL: 149
 1227  #UTIL: 661
 443  #UTIL: 2639
 443 38  #UTIL: 954
 443 38 143  #UTIL: 1689
 443 143  #UTIL: 1489
 38  #UTIL: 200
 38 143  #UTIL: 935
 143  #UTIL: 735
 1792  #UTIL: 105
 1792 2075  #UTIL: 397
 1792 2075 1461  #UTIL: 1562
 1792 2075 1461 1309  #UTIL: 1658
 1792 2075 1461 1309 1663  #UTIL: 1665
 1792 2075 1461 1309 1663 8  #UTIL: 1694
 1792 2075 1461 1309 8  #UTIL: 1687
 1792 2075 1461 1663  #UTIL: 1569
 1792 2075 1461 1663 8  #UTIL: 1598
 1792 2075 1461 8  #UTIL: 1591
 1792 2075 1309  #UTIL: 493
 1792 2075 1309 1663  #UTIL: 500
 1792 2075 1309 1663 8  #UTIL: 529
 1792 2075 1309 8  #UTIL: 522
 1792 2075 1663  #UTIL: 404
 1792 2075 1663 8  #UTIL: 433
 1792 2075 8  #UTIL: 426
 1792 1461  #UTIL: 1270
 1792 1461 1309  #UTIL: 1366
 1792 1461 1309 1663  #UTIL: 1373
 1792 1461 1309 1663 8  #UTIL: 1402
 1792 1461 1309 8  #UTIL: 1395
 1792 1461 1663  #UTIL: 1277
 1792 1461 1663 8  #UTIL: 1306
 1792 1461 8  #UTIL: 1299
 1792 1309  #UTIL: 201
 1792 1309 1663  #UTIL: 208
 1792 1309 1663 8  #UTIL: 237
 1792 1309 8  #UTIL: 230
 1792 1663  #UTIL: 112
 1792 1663 8  #UTIL: 141
 1792 8  #UTIL: 134
 2075  #UTIL: 292
 2075 1461  #UTIL: 1457
 2075 1461 1309  #UTIL: 1553
 2075 1461 1309 1663  #UTIL: 1560
 2075 1461 1309 1663 8  #UTIL: 1589
 2075 1461 1309 8  #UTIL: 1582
 2075 1461 1663  #UTIL: 1464
 2075 1461 1663 8  #UTIL: 1493
 2075 1461 8  #UTIL: 1486
 2075 1309  #UTIL: 388
 2075 1309 1663  #UTIL: 395
 2075 1309 1663 8  #UTIL: 424
 2075 1309 8  #UTIL: 417
 2075 1663  #UTIL: 299
 2075 1663 8  #UTIL: 328
 2075 8  #UTIL: 321
 1461  #UTIL: 1331
 1461 1309  #UTIL: 1261
 1461 1309 1663  #UTIL: 1268
 1461 1309 1663 8  #UTIL: 1297
 1461 1309 8  #UTIL: 1290
 1461 1663  #UTIL: 1172
 1461 1663 8  #UTIL: 1201
 1461 8  #UTIL: 1194
 1309  #UTIL: 96
 1309 1663  #UTIL: 103
 1309 1663 8  #UTIL: 132
 1309 8  #UTIL: 125
 1663 8  #UTIL: 36
 8  #UTIL: 1614
 8 1630  #UTIL: 60
 8 1630 1350  #UTIL: 66
 8 1350  #UTIL: 35
 8 1513  #UTIL: 640
 8 57  #UTIL: 182
 8 325  #UTIL: 568
 8 1769  #UTIL: 84
 8 2181  #UTIL: 500
 8 1636  #UTIL: 66
 8 1248  #UTIL: 54
 101  #UTIL: 778
 1973  #UTIL: 412
 1261  #UTIL: 54
 1261 1388  #UTIL: 197
 1388  #UTIL: 143
 964  #UTIL: 194
 964 423  #UTIL: 518
 964 423 49  #UTIL: 626
 964 49  #UTIL: 302
 423  #UTIL: 648
 423 49  #UTIL: 432
 423 57  #UTIL: 477
 49  #UTIL: 432
 2065  #UTIL: 98
 2065 508  #UTIL: 249
 2065 508 140  #UTIL: 789
 2065 140  #UTIL: 638
 508  #UTIL: 151
 508 140  #UTIL: 691
 140  #UTIL: 540
 1630  #UTIL: 92
 1630 1350  #UTIL: 37
 947  #UTIL: 89
 947 1629  #UTIL: 99
 1629  #UTIL: 35
 1629 1705  #UTIL: 45
 1629 1496  #UTIL: 166
 1629 1496 1732  #UTIL: 244
 1629 1732  #UTIL: 88
 62  #UTIL: 196
 62 1513  #UTIL: 777
 1513  #UTIL: 581
 1738  #UTIL: 69
 418  #UTIL: 397
 2210  #UTIL: 176
 2094  #UTIL: 379
 1572  #UTIL: 219
 1572 1158  #UTIL: 3348
 1158  #UTIL: 3129
 1748  #UTIL: 365
 1748 417  #UTIL: 1044
 1748 417 57  #UTIL: 1197
 1748 57  #UTIL: 226
 1748 1810  #UTIL: 339
 417  #UTIL: 2913
 417 57  #UTIL: 1124
 417 1678  #UTIL: 369
 417 452  #UTIL: 1726
 417 1775  #UTIL: 1744
 57  #UTIL: 382
 57 1012  #UTIL: 1085
 57 1012 405  #UTIL: 4105
 57 1012 405 1571  #UTIL: 4535
 57 1012 405 1571 1386  #UTIL: 4651
 57 1012 405 1386  #UTIL: 4221
 57 1012 1571  #UTIL: 1515
 57 1012 1571 1386  #UTIL: 1631
 57 1012 1386  #UTIL: 1201
 57 405  #UTIL: 3249
 57 405 1571  #UTIL: 3679
 57 405 1571 1386  #UTIL: 3795
 57 405 1386  #UTIL: 3365
 57 1571  #UTIL: 659
 57 1571 1386  #UTIL: 775
 57 1386  #UTIL: 345
 2123  #UTIL: 2015
 2123 1693  #UTIL: 2026
 2123 1693 69  #UTIL: 2051
 2123 69  #UTIL: 2040
 1693 69  #UTIL: 36
 1693 1436  #UTIL: 146
 430  #UTIL: 265
 430 902  #UTIL: 287
 430 902 1070  #UTIL: 793
 430 902 1070 1430  #UTIL: 955
 430 902 1430  #UTIL: 449
 430 1070  #UTIL: 771
 430 1070 1430  #UTIL: 933
 430 1430  #UTIL: 427
 902 1070  #UTIL: 528
 902 1070 1430  #UTIL: 690
 902 1430  #UTIL: 184
 1070  #UTIL: 675
 1070 1430  #UTIL: 668
 1070 1359  #UTIL: 255
 1070 562  #UTIL: 596
 1430  #UTIL: 162
 1576  #UTIL: 51
 1576 615  #UTIL: 455
 1576 615 94  #UTIL: 521
 1576 94  #UTIL: 72
 1576 1317  #UTIL: 58
 1576 1317 720  #UTIL: 216
 1576 720  #UTIL: 203
 615  #UTIL: 449
 615 94  #UTIL: 515
 94  #UTIL: 66
 173  #UTIL: 132
 173 1353  #UTIL: 176
 173 1353 2095  #UTIL: 3135
 173 2095  #UTIL: 3091
 1353  #UTIL: 44
 1353 2095  #UTIL: 3003
 2095  #UTIL: 2959
 847  #UTIL: 31
 1537  #UTIL: 1722
 2109  #UTIL: 379
 2109 1780  #UTIL: 442
 1780  #UTIL: 63
 458  #UTIL: 113
 458 1643  #UTIL: 363
 458 1643 429  #UTIL: 1335
 458 1643 429 580  #UTIL: 1580
 458 1643 580  #UTIL: 608
 458 429  #UTIL: 1085
 458 429 580  #UTIL: 1330
 458 580  #UTIL: 358
 1643  #UTIL: 281
 1643 429  #UTIL: 1222
 1643 429 580  #UTIL: 1467
 1643 580  #UTIL: 495
 1643 452  #UTIL: 139
 1643 1775  #UTIL: 157
 429  #UTIL: 972
 429 580  #UTIL: 1217
 580  #UTIL: 245
 58  #UTIL: 229
 986  #UTIL: 70
 978  #UTIL: 194
 978 431  #UTIL: 375
 978 431 482  #UTIL: 762
 978 431 482 1614  #UTIL: 936
 978 431 1614  #UTIL: 549
 978 482  #UTIL: 581
 978 482 1614  #UTIL: 755
 978 1614  #UTIL: 368
 431  #UTIL: 181
 431 482  #UTIL: 568
 431 482 1614  #UTIL: 742
 431 1614  #UTIL: 355
 482  #UTIL: 387
 482 1614  #UTIL: 561
 1614  #UTIL: 174
 449  #UTIL: 2451
 449 1426  #UTIL: 2091
 449 1426 2181  #UTIL: 2473
 449 2181  #UTIL: 2079
 82  #UTIL: 44
 82 1436  #UTIL: 183
 82 1436 142  #UTIL: 330
 82 1436 142 2085  #UTIL: 1316
 82 1436 142 2085 2091  #UTIL: 2264
 82 1436 142 2091  #UTIL: 1278
 82 1436 2085  #UTIL: 1169
 82 1436 2085 2091  #UTIL: 2117
 82 1436 2091  #UTIL: 1131
 82 142  #UTIL: 191
 82 142 2085  #UTIL: 1177
 82 142 2085 2091  #UTIL: 2125
 82 142 2091  #UTIL: 1139
 82 2085  #UTIL: 1030
 82 2085 2091  #UTIL: 1978
 82 2091  #UTIL: 992
 1436  #UTIL: 557
 1436 142  #UTIL: 286
 1436 142 2085  #UTIL: 1272
 1436 142 2085 2091  #UTIL: 2220
 1436 142 2091  #UTIL: 1234
 1436 2085  #UTIL: 1125
 1436 2085 2091  #UTIL: 2073
 1436 2091  #UTIL: 1087
 1436 1078  #UTIL: 957
 142  #UTIL: 147
 142 2085  #UTIL: 1133
 142 2085 2091  #UTIL: 2081
 142 2091  #UTIL: 1095
 2085  #UTIL: 986
 2085 2091  #UTIL: 1934
 2091  #UTIL: 948
 65  #UTIL: 391
 1655  #UTIL: 3296
 1655 2364  #UTIL: 1821
 2364  #UTIL: 464
 1739  #UTIL: 82
 1739 965  #UTIL: 468
 1739 1567  #UTIL: 287
 1739 1567 1715  #UTIL: 325
 1739 1567 1715 189  #UTIL: 394
 1739 1567 189  #UTIL: 356
 1739 1715  #UTIL: 65
 1739 1715 189  #UTIL: 134
 1739 189  #UTIL: 96
 965  #UTIL: 413
 1426  #UTIL: 1576
 1426 2181  #UTIL: 776
 1467  #UTIL: 975
 1682 2105  #UTIL: 2974
 2105  #UTIL: 2959
 1631  #UTIL: 48
 1631 1591  #UTIL: 69
 1631 1591 1773  #UTIL: 132
 1631 1591 1773 442  #UTIL: 793
 1631 1591 1773 442 46  #UTIL: 1013
 1631 1591 1773 46  #UTIL: 352
 1631 1591 442  #UTIL: 730
 1631 1591 442 46  #UTIL: 950
 1631 1591 46  #UTIL: 289
 1631 1773  #UTIL: 111
 1631 1773 442  #UTIL: 772
 1631 1773 442 46  #UTIL: 992
 1631 1773 46  #UTIL: 331
 1631 442  #UTIL: 709
 1631 442 46  #UTIL: 929
 1631 46  #UTIL: 268
 1591 1773  #UTIL: 84
 1591 1773 442  #UTIL: 745
 1591 1773 442 46  #UTIL: 965
 1591 1773 46  #UTIL: 304
 1591 442  #UTIL: 682
 1591 442 46  #UTIL: 902
 1591 46  #UTIL: 241
 1773  #UTIL: 63
 1773 442  #UTIL: 724
 1773 442 46  #UTIL: 944
 1773 46  #UTIL: 283
 442  #UTIL: 661
 442 46  #UTIL: 881
 46  #UTIL: 220
 2514  #UTIL: 869
 2514 441  #UTIL: 712
 2514 441 1394  #UTIL: 946
 2514 441 1394 1975  #UTIL: 7365
 2514 441 1975  #UTIL: 7131
 2514 1394  #UTIL: 495
 2514 1394 1975  #UTIL: 6914
 2514 1975  #UTIL: 6680
 2514 446  #UTIL: 1039
 2514 446 1450  #UTIL: 1205
 2514 446 1450 181  #UTIL: 1484
 2514 446 181  #UTIL: 1318
 2514 1450  #UTIL: 774
 2514 1450 181  #UTIL: 1053
 2514 181  #UTIL: 887
 441  #UTIL: 1352
 441 1394  #UTIL: 685
 441 1394 1975  #UTIL: 7104
 441 1975  #UTIL: 6870
 441 1367  #UTIL: 734
 441 1367 130  #UTIL: 832
 441 130  #UTIL: 774
 1394  #UTIL: 234
 1394 1975  #UTIL: 6653
 1975  #UTIL: 6419
 105  #UTIL: 311
 425  #UTIL: 543
 425 1704  #UTIL: 550
 1941  #UTIL: 1065
 1941 693  #UTIL: 1524
 693  #UTIL: 459
 2189  #UTIL: 80
 1210  #UTIL: 929
 63  #UTIL: 196
 63 51  #UTIL: 412
 63 51 208  #UTIL: 2030
 63 208  #UTIL: 1814
 51  #UTIL: 216
 51 208  #UTIL: 1834
 208  #UTIL: 1618
 434  #UTIL: 1618
 434 188  #UTIL: 2060
 188  #UTIL: 442
 1652  #UTIL: 681
 1446  #UTIL: 468
 1446 1359  #UTIL: 583
 1446 1359 462  #UTIL: 1745
 1446 462  #UTIL: 1630
 1359  #UTIL: 201
 1359 462  #UTIL: 1277
 462  #UTIL: 1162
 90  #UTIL: 1504
 90 78  #UTIL: 868
 90 396  #UTIL: 2439
 78  #UTIL: 66
 79 1705  #UTIL: 52
 1705  #UTIL: 60
 47  #UTIL: 73
 47 2416  #UTIL: 153
 2416  #UTIL: 80
 457  #UTIL: 108
 457 2137  #UTIL: 188
 457 2137 104  #UTIL: 436
 457 104  #UTIL: 356
 2137  #UTIL: 80
 2137 104  #UTIL: 328
 104  #UTIL: 248
 1743 619  #UTIL: 1247
 619  #UTIL: 1220
 1802  #UTIL: 63
 1802 525  #UTIL: 257
 525  #UTIL: 194
 1697 118  #UTIL: 175
 118  #UTIL: 167
 325  #UTIL: 539
 1465  #UTIL: 215
 1468  #UTIL: 102
 1468 1442  #UTIL: 456
 1468 1442 52  #UTIL: 672
 1468 52  #UTIL: 318
 1442  #UTIL: 354
 1442 52  #UTIL: 570
 52  #UTIL: 216
 1687  #UTIL: 41
 1687 440  #UTIL: 130
 1687 440 2507  #UTIL: 144
 1687 440 2507 432  #UTIL: 389
 1687 440 432  #UTIL: 375
 1687 2507  #UTIL: 36
 1687 2507 432  #UTIL: 281
 1687 432  #UTIL: 267
 1687 342  #UTIL: 1313
 440  #UTIL: 108
 440 2507  #UTIL: 122
 440 2507 432  #UTIL: 367
 440 432  #UTIL: 353
 2507 432  #UTIL: 259
 432  #UTIL: 245
 1756  #UTIL: 159
 1756 739  #UTIL: 948
 739  #UTIL: 789
 487  #UTIL: 58
 487 455  #UTIL: 1287
 455  #UTIL: 5531
 455 562  #UTIL: 4729
 532  #UTIL: 839
 532 44  #UTIL: 1967
 44  #UTIL: 1128
 1520  #UTIL: 605
 1520 1358  #UTIL: 648
 1358  #UTIL: 43
 1677 1191  #UTIL: 402
 1677 1191 1999  #UTIL: 549
 1677 1191 1999 1601  #UTIL: 722
 1677 1191 1999 1601 1500  #UTIL: 785
 1677 1191 1999 1500  #UTIL: 612
 1677 1191 1601  #UTIL: 575
 1677 1191 1601 1500  #UTIL: 638
 1677 1191 1500  #UTIL: 465
 1677 1999  #UTIL: 157
 1677 1999 1601  #UTIL: 330
 1677 1999 1601 1500  #UTIL: 393
 1677 1999 1500  #UTIL: 220
 1677 1601  #UTIL: 183
 1677 1601 1500  #UTIL: 246
 1677 1500  #UTIL: 73
 1191  #UTIL: 392
 1191 1999  #UTIL: 539
 1191 1999 1601  #UTIL: 712
 1191 1999 1601 1500  #UTIL: 775
 1191 1999 1500  #UTIL: 602
 1191 1601  #UTIL: 565
 1191 1601 1500  #UTIL: 628
 1191 1500  #UTIL: 455
 1999  #UTIL: 245
 1999 1601  #UTIL: 320
 1999 1601 1500  #UTIL: 383
 1999 1500  #UTIL: 210
 1999 421  #UTIL: 2125
 1601  #UTIL: 346
 1601 1500  #UTIL: 236
 1601 1659  #UTIL: 1390
 1500  #UTIL: 189
 1500 1415  #UTIL: 1260
 53  #UTIL: 990
 2493  #UTIL: 49
 1803  #UTIL: 63
 410  #UTIL: 1737
 410 1509  #UTIL: 2239
 410 1509 59  #UTIL: 2392
 410 59  #UTIL: 1890
 1509  #UTIL: 502
 1509 59  #UTIL: 655
 59  #UTIL: 153
 469  #UTIL: 485
 1444  #UTIL: 373
 1444 503  #UTIL: 921
 1444 503 67  #UTIL: 946
 1444 67  #UTIL: 398
 503  #UTIL: 548
 503 67  #UTIL: 573
 67  #UTIL: 63
 67 2512  #UTIL: 125
 67 2512 1810  #UTIL: 172
 67 1810  #UTIL: 85
 1760  #UTIL: 307
 1760 1522  #UTIL: 305
 1517  #UTIL: 1587
 1517 452  #UTIL: 1262
 1517 1775  #UTIL: 1280
 637  #UTIL: 561
 637 657  #UTIL: 883
 637 657 25  #UTIL: 1315
 637 657 25 1753  #UTIL: 1555
 637 657 1753  #UTIL: 1123
 637 25  #UTIL: 993
 637 25 1753  #UTIL: 1233
 637 1753  #UTIL: 801
 657  #UTIL: 322
 657 25  #UTIL: 754
 657 25 1753  #UTIL: 994
 657 1753  #UTIL: 562
 25  #UTIL: 648
 25 1753  #UTIL: 672
 25 1619  #UTIL: 248
 1753  #UTIL: 240
 730  #UTIL: 73
 730 1769  #UTIL: 110
 1769  #UTIL: 92
 618  #UTIL: 400
 114  #UTIL: 1170
 114 80  #UTIL: 1192
 114 80 2148  #UTIL: 1673
 114 2148  #UTIL: 1651
 80 2148  #UTIL: 503
 2148  #UTIL: 481
 377  #UTIL: 971
 377 1678  #UTIL: 1016
 1678  #UTIL: 45
 1367  #UTIL: 58
 1367 130  #UTIL: 156
 130  #UTIL: 98
 1613  #UTIL: 270
 680  #UTIL: 188
 680 1659  #UTIL: 1405
 1659  #UTIL: 1217
 1206  #UTIL: 7302
 1206 576  #UTIL: 18999
 576  #UTIL: 11697
 1422  #UTIL: 488
 1567  #UTIL: 260
 1567 1715  #UTIL: 298
 1567 1715 189  #UTIL: 367
 1567 189  #UTIL: 329
 1715  #UTIL: 38
 1715 189  #UTIL: 107
 189  #UTIL: 69
 177  #UTIL: 139
 1498  #UTIL: 324
 1498 1574  #UTIL: 486
 1574  #UTIL: 162
 1522  #UTIL: 2287
 1522 2512  #UTIL: 2120
 1522 2512 1810  #UTIL: 2167
 1522 1810  #UTIL: 2080
 2512  #UTIL: 261
 2512 1810  #UTIL: 134
 2512 1636  #UTIL: 181
 1810  #UTIL: 47
 596  #UTIL: 254
 596 1669  #UTIL: 273
 585  #UTIL: 341
 585 889  #UTIL: 366
 585 889 2181  #UTIL: 748
 585 2181  #UTIL: 723
 889 2181  #UTIL: 407
 2181  #UTIL: 382
 144  #UTIL: 147
 144 1415  #UTIL: 1281
 1415  #UTIL: 1134
 1616  #UTIL: 31
 452  #UTIL: 970
 452 295  #UTIL: 353
 452 1619  #UTIL: 388
 452 1619 531  #UTIL: 842
 452 366  #UTIL: 1142
 452 366 531  #UTIL: 1596
 452 531  #UTIL: 777
 295  #UTIL: 137
 1619  #UTIL: 194
 1619 531  #UTIL: 519
 428  #UTIL: 4536
 428 421  #UTIL: 6563
 421  #UTIL: 2027
 727  #UTIL: 305
 1817  #UTIL: 110
 2513  #UTIL: 522
 2513 1775  #UTIL: 606
 2513 1775 1673  #UTIL: 622
 2513 1775 1673 41  #UTIL: 747
 2513 1775 41  #UTIL: 731
 2513 1673  #UTIL: 538
 2513 1673 41  #UTIL: 663
 2513 41  #UTIL: 647
 1775  #UTIL: 210
 1775 1673  #UTIL: 100
 1775 1673 41  #UTIL: 225
 1775 41  #UTIL: 209
 1673 41  #UTIL: 141
 41  #UTIL: 125
 1922  #UTIL: 971
 1922 1762  #UTIL: 1002
 1762  #UTIL: 31
 55  #UTIL: 594
 55 1627  #UTIL: 604
 1458  #UTIL: 216
 1458 403  #UTIL: 594
 403  #UTIL: 378
 1507  #UTIL: 721
 416  #UTIL: 2592
 416 447  #UTIL: 2705
 447  #UTIL: 113
 1595  #UTIL: 31
 1595 1626  #UTIL: 324
 1595 1626 296  #UTIL: 705
 1595 296  #UTIL: 412
 1626  #UTIL: 293
 1626 296  #UTIL: 674
 296  #UTIL: 381
 1052  #UTIL: 2516
 1052 1569  #UTIL: 3000
 1569  #UTIL: 484
 2499  #UTIL: 81
 2499 369  #UTIL: 1214
 369  #UTIL: 1133
 1258  #UTIL: 39
 504  #UTIL: 581
 1750  #UTIL: 73
 1750 2492  #UTIL: 122
 1750 2492 1767  #UTIL: 251
 1750 1767  #UTIL: 202
 2492  #UTIL: 49
 2492 1767  #UTIL: 178
 1767  #UTIL: 129
 1755  #UTIL: 64
 2072  #UTIL: 140
 183  #UTIL: 59
 183 1265  #UTIL: 162
 183 1265 1496  #UTIL: 318
 183 1265 1496 1732  #UTIL: 396
 183 1265 1732  #UTIL: 240
 183 1496  #UTIL: 215
 183 1496 1732  #UTIL: 293
 183 1732  #UTIL: 137
 1265  #UTIL: 103
 1265 1496  #UTIL: 259
 1265 1496 1732  #UTIL: 337
 1265 1732  #UTIL: 181
 1496  #UTIL: 156
 1496 1732  #UTIL: 234
 1732  #UTIL: 78
 1469  #UTIL: 648
 433  #UTIL: 2592
 433 182  #UTIL: 2721
 433 182 185  #UTIL: 2834
 433 185  #UTIL: 2705
 182  #UTIL: 129
 182 185  #UTIL: 242
 185  #UTIL: 113
 366  #UTIL: 819
 366 531  #UTIL: 1273
 531  #UTIL: 454
 1600  #UTIL: 219
 1600 1503  #UTIL: 1672
 1600 1503 426  #UTIL: 2897
 1600 426  #UTIL: 1444
 1503  #UTIL: 1453
 1503 426  #UTIL: 2678
 426  #UTIL: 1225
 1078  #UTIL: 678
 202  #UTIL: 1489
 141  #UTIL: 1176
 141 474  #UTIL: 1272
 141 474 444  #UTIL: 2501
 141 444  #UTIL: 2405
 474  #UTIL: 96
 474 444  #UTIL: 1325
 444  #UTIL: 1229
 1485  #UTIL: 248
 1497  #UTIL: 288
 1718  #UTIL: 38
 1718 18  #UTIL: 216
 1718 18 987  #UTIL: 350
 1718 987  #UTIL: 172
 18  #UTIL: 178
 18 987  #UTIL: 312
 987  #UTIL: 134
 463  #UTIL: 1242
 1699 1449  #UTIL: 825
 1449  #UTIL: 810
 1624  #UTIL: 586
 1624 396  #UTIL: 2323
 396  #UTIL: 1737
 1761  #UTIL: 79
 1690  #UTIL: 102
 362  #UTIL: 1737
 362 605  #UTIL: 2044
 362 605 446  #UTIL: 2475
 362 605 446 1450  #UTIL: 2641
 362 605 446 1450 181  #UTIL: 2920
 362 605 446 181  #UTIL: 2754
 362 605 1450  #UTIL: 2210
 362 605 1450 181  #UTIL: 2489
 362 605 181  #UTIL: 2323
 362 446  #UTIL: 2168
 362 446 1450  #UTIL: 2334
 362 446 1450 181  #UTIL: 2613
 362 446 181  #UTIL: 2447
 362 1450  #UTIL: 1903
 362 1450 181  #UTIL: 2182
 362 181  #UTIL: 2016
 605  #UTIL: 307
 605 446  #UTIL: 738
 605 446 1450  #UTIL: 904
 605 446 1450 181  #UTIL: 1183
 605 446 181  #UTIL: 1017
 605 1450  #UTIL: 473
 605 1450 181  #UTIL: 752
 605 181  #UTIL: 586
 446  #UTIL: 431
 446 1450  #UTIL: 597
 446 1450 181  #UTIL: 876
 446 181  #UTIL: 710
 1450  #UTIL: 166
 1450 181  #UTIL: 445
 181  #UTIL: 279
 1389  #UTIL: 39
 1012  #UTIL: 428
 1012 405  #UTIL: 1938
 1012 405 1571  #UTIL: 2153
 1012 405 1571 1386  #UTIL: 2211
 1012 405 1386  #UTIL: 1996
 1012 1571  #UTIL: 643
 1012 1571 1386  #UTIL: 701
 1012 1386  #UTIL: 486
 405  #UTIL: 1510
 405 1571  #UTIL: 1725
 405 1571 1386  #UTIL: 1783
 405 1386  #UTIL: 1568
 1571  #UTIL: 215
 1571 1386  #UTIL: 273
 1386  #UTIL: 58
 1207  #UTIL: 1016
 322  #UTIL: 598
 322 438  #UTIL: 1213
 438  #UTIL: 3073
 438 1317  #UTIL: 2471
 438 1317 720  #UTIL: 2629
 438 720  #UTIL: 2616
 1360  #UTIL: 189
 1666  #UTIL: 34
 1666 445  #UTIL: 1242
 445  #UTIL: 1208
 844 336  #UTIL: 2278
 844 336 1638  #UTIL: 2286
 336  #UTIL: 2265
 336 1638  #UTIL: 2273
 815 2489  #UTIL: 34
 708  #UTIL: 76
 708 757  #UTIL: 91
 1776  #UTIL: 42
 1776 1204  #UTIL: 3252
 1776 1204 1248  #UTIL: 3277
 1776 1248  #UTIL: 67
 1204  #UTIL: 3210
 1204 1248  #UTIL: 3235
 1317 720  #UTIL: 171
 720  #UTIL: 158
 151  #UTIL: 1585
 1701 419  #UTIL: 198
 1701 419 1657  #UTIL: 392
 1701 419 1657 459  #UTIL: 789
 1701 419 1657 459 1195  #UTIL: 1850
 1701 419 1657 1195  #UTIL: 1453
 1701 419 459  #UTIL: 595
 1701 419 459 1195  #UTIL: 1656
 1701 419 1195  #UTIL: 1259
 1701 1657  #UTIL: 211
 1701 1657 459  #UTIL: 608
 1701 1657 459 1195  #UTIL: 1669
 1701 1657 1195  #UTIL: 1272
 1701 459  #UTIL: 414
 1701 459 1195  #UTIL: 1475
 1701 1195  #UTIL: 1078
 419  #UTIL: 181
 419 1657  #UTIL: 375
 419 1657 459  #UTIL: 772
 419 1657 459 1195  #UTIL: 1833
 419 1657 1195  #UTIL: 1436
 419 459  #UTIL: 578
 419 459 1195  #UTIL: 1639
 419 1195  #UTIL: 1242
 1657  #UTIL: 194
 1657 459  #UTIL: 591
 1657 459 1195  #UTIL: 1652
 1657 1195  #UTIL: 1255
 459  #UTIL: 397
 459 1195  #UTIL: 1458
 1195  #UTIL: 1061
 2490 2206  #UTIL: 1298
 2206  #UTIL: 1276
 1915  #UTIL: 2140
 601  #UTIL: 1133
 601 1118  #UTIL: 2396
 1118  #UTIL: 1263
 1612  #UTIL: 486
 1612 1997  #UTIL: 583
 1612 1997 991  #UTIL: 1121
 1612 1997 991 511  #UTIL: 1315
 1612 1997 991 511 1584  #UTIL: 1320
 1612 1997 991 1584  #UTIL: 1126
 1612 1997 511  #UTIL: 777
 1612 1997 511 1584  #UTIL: 782
 1612 1997 1584  #UTIL: 588
 1612 991  #UTIL: 1024
 1612 991 511  #UTIL: 1218
 1612 991 511 1584  #UTIL: 1223
 1612 991 1584  #UTIL: 1029
 1612 511  #UTIL: 680
 1612 511 1584  #UTIL: 685
 1612 1584  #UTIL: 491
 1997  #UTIL: 97
 1997 991  #UTIL: 635
 1997 991 511  #UTIL: 829
 1997 991 511 1584  #UTIL: 834
 1997 991 1584  #UTIL: 640
 1997 511  #UTIL: 291
 1997 511 1584  #UTIL: 296
 1997 1584  #UTIL: 102
 991  #UTIL: 538
 991 511  #UTIL: 732
 991 511 1584  #UTIL: 737
 991 1584  #UTIL: 543
 511  #UTIL: 194
 511 1584  #UTIL: 199
 89  #UTIL: 100
 89 436  #UTIL: 1004
 89 436 102  #UTIL: 1066
 89 436 102 342  #UTIL: 2360
 89 436 342  #UTIL: 2298
 89 102  #UTIL: 162
 89 102 342  #UTIL: 1456
 89 342  #UTIL: 1394
 436  #UTIL: 904
 436 102  #UTIL: 966
 436 102 342  #UTIL: 2260
 436 342  #UTIL: 2198
 102  #UTIL: 62
 102 342  #UTIL: 1356
 342  #UTIL: 1294
 1640 562  #UTIL: 442
 562  #UTIL: 427
 2453  #UTIL: 44
 2453 2517  #UTIL: 46
 112  #UTIL: 167
 112 859  #UTIL: 296
 112 859 1605  #UTIL: 684
 112 859 1605 1376  #UTIL: 850
 112 859 1605 1376 1680  #UTIL: 853
 112 859 1605 1680  #UTIL: 687
 112 859 1376  #UTIL: 462
 112 859 1376 1680  #UTIL: 465
 112 859 1680  #UTIL: 299
 112 1605  #UTIL: 555
 112 1605 1376  #UTIL: 721
 112 1605 1376 1680  #UTIL: 724
 112 1605 1680  #UTIL: 558
 112 1376  #UTIL: 333
 112 1376 1680  #UTIL: 336
 112 1680  #UTIL: 170
 859  #UTIL: 129
 859 1605  #UTIL: 517
 859 1605 1376  #UTIL: 683
 859 1605 1376 1680  #UTIL: 686
 859 1605 1680  #UTIL: 520
 859 1376  #UTIL: 295
 859 1376 1680  #UTIL: 298
 859 1680  #UTIL: 132
 1605  #UTIL: 388
 1605 1376  #UTIL: 554
 1605 1376 1680  #UTIL: 557
 1605 1680  #UTIL: 391
 1376  #UTIL: 166
 1376 1680  #UTIL: 169
 553  #UTIL: 3398
 553 1322  #UTIL: 3416
